### 2019-02-24 00:45:04 Update:

- gcr.io/kubeflow-images-public/tf-model-server-gpu:v20180912-a31dbbf8
- gcr.io/kubeflow-images-public/tf-model-server-gpu:v20180915-432f5d37
### 2019-02-24 06:51:04 Update:

- gcr.io/google-containers/nvidia-gpu-device-plugin:17ba3dcf8b6b7551dc8a6cd68ca4119c4fd3a2b9
- gcr.io/google-containers/nvidia-gpu-device-plugin:4d5db9638165d86f0c58001f45ea111ce3d8e4a0
- gcr.io/google-containers/ubuntu-nvidia-driver-installer:4d5db9638165d86f0c58001f45ea111ce3d8e4a0
- gcr.io/google-containers/ubuntu-nvidia-driver-installer:17ba3dcf8b6b7551dc8a6cd68ca4119c4fd3a2b9
### 2019-02-24 08:38:36 Update:

- gcr.io/kubeflow-images-public/tensorflow-1.4.1-notebook-gpu:v-base-797bcb7-1069
- gcr.io/kubeflow-images-public/tensorflow-1.4.1-notebook-gpu:v-base-910e7ef-1113
### 2019-02-24 16:32:43 Update:

- gcr.io/kubeflow-images-public/tensorflow-1.4.1-notebook-cpu:v-base-4fbdb02-1080
- gcr.io/kubeflow-images-public/tensorflow-1.4.1-notebook-cpu:v-base-797bcb7-1075
- gcr.io/kubeflow-images-public/tensorflow-1.4.1-notebook-cpu:v-base-8411c8b-885
- gcr.io/kubeflow-images-public/tensorflow-1.4.1-notebook-cpu:v-base-76107ff-897
- gcr.io/kubeflow-images-public/tensorflow-1.4.1-notebook-cpu:v-base-8d15182-933
- gcr.io/kubeflow-images-public/tensorflow-1.4.1-notebook-cpu:v-base-4d92936-1144
- gcr.io/kubeflow-images-public/tensorflow-1.4.1-notebook-cpu:v-base-7a84feb-864
- gcr.io/kubeflow-images-public/tensorflow-1.4.1-notebook-cpu:v-base-797bcb7-1069
- gcr.io/kubeflow-images-public/tensorflow-1.4.1-notebook-cpu:v-base-797bcb7-1067
- gcr.io/kubeflow-images-public/tensorflow-1.4.1-notebook-cpu:v-base-667d618-1171
- gcr.io/kubeflow-images-public/tensorflow-1.4.1-notebook-cpu:v-base-797bcb7-1065
### 2019-02-24 17:52:24 Update:

- gcr.io/istio-release/mixer_codegen:master-20190224-09-16
- gcr.io/istio-release/mixer_codegen:release-1.1-20190224-09-16
- gcr.io/istio-release/mixer:release-1.0-20190224-09-16
- gcr.io/istio-release/citadel:release-1.1-20190224-09-16
- gcr.io/istio-release/galley:release-1.0-20190224-09-16
- gcr.io/istio-release/citadel:master-20190224-09-16
- gcr.io/istio-release/citadel:release-1.0-20190224-09-16
- gcr.io/istio-release/mixer:master-20190224-09-16
- gcr.io/istio-release/galley:release-1.1-20190224-09-16
- gcr.io/istio-release/galley:master-20190224-09-16
- gcr.io/istio-release/mixer:release-1.1-20190224-09-16
- gcr.io/istio-release/node-agent:release-1.0-20190224-09-16
- gcr.io/istio-release/citadel-test:release-1.0-20190224-09-16
- gcr.io/istio-release/install-cni:master-20190224-09-16
- gcr.io/istio-release/node-agent-k8s:master-20190224-09-16
- gcr.io/istio-release/node-agent-k8s:release-1.1-20190224-09-16
- gcr.io/istio-release/pilot:master-20190224-09-16
- gcr.io/istio-release/pilot:release-1.0-20190224-09-16
- gcr.io/istio-release/pilot:release-1.1-20190224-09-16
- gcr.io/istio-release/kubectl:master-20190224-09-16
- gcr.io/istio-release/kubectl:release-1.1-20190224-09-16
- gcr.io/istio-release/proxyv2:master-20190224-09-16
- gcr.io/istio-release/proxyv2:release-1.0-20190224-09-16
- gcr.io/istio-release/proxyv2:release-1.1-20190224-09-16
- gcr.io/istio-release/app:release-1.0-20190224-09-16
- gcr.io/istio-release/app:master-20190224-09-16
- gcr.io/istio-release/sidecar_injector:master-20190224-09-16
- gcr.io/istio-release/app:release-1.1-20190224-09-16
- gcr.io/istio-release/sidecar_injector:release-1.0-20190224-09-16
- gcr.io/istio-release/sidecar_injector:release-1.1-20190224-09-16
- gcr.io/istio-release/proxytproxy:master-20190224-09-16
- gcr.io/istio-release/proxytproxy:release-1.1-20190224-09-16
- gcr.io/istio-release/mixer_debug:release-1.0-20190224-09-16
- gcr.io/istio-release/node-agent-test:release-1.0-20190224-09-16
- gcr.io/istio-release/proxy_init:master-20190224-09-16
- gcr.io/istio-release/proxy_init:release-1.0-20190224-09-16
- gcr.io/istio-release/servicegraph:master-20190224-09-16
- gcr.io/istio-release/servicegraph:release-1.0-20190224-09-16
- gcr.io/istio-release/proxy_init:release-1.1-20190224-09-16
- gcr.io/istio-release/servicegraph:release-1.1-20190224-09-16
- gcr.io/istio-release/test_policybackend:master-20190224-09-16
- gcr.io/istio-release/test_policybackend:release-1.0-20190224-09-16
- gcr.io/istio-release/test_policybackend:release-1.1-20190224-09-16
- gcr.io/istio-release/servicegraph_debug:release-1.0-20190224-09-16
- gcr.io/istio-release/proxy_debug:master-20190224-09-16
- gcr.io/istio-release/proxy_debug:release-1.1-20190224-09-16
- gcr.io/istio-release/proxy_debug:release-1.0-20190224-09-16
