### 2019-05-22 01:38:20 Update:

- gcr.io/kubeflow-images-public/tensorflow-1.7.0-notebook-cpu:v-base-b1ed075-1121
### 2019-05-22 03:34:24 Update:

- gcr.io/kubeflow-images-public/pytorch-operator:v0.5.0-9-gd7aa744
- gcr.io/kubeflow-images-public/pytorch-operator:v0.5.0-8-ga5d1017
- gcr.io/kubeflow-images-public/pytorch-operator:v0.5.0-7-g6d7ed35
- gcr.io/kubeflow-images-public/tensorflow-1.11.0-notebook-gpu:v-base-797bcb7-1067
- gcr.io/kubeflow-images-public/tensorflow-1.13.1-notebook-cpu:v-base-9347a5f-1113854681987158021
### 2019-05-22 04:44:44 Update:

- gcr.io/kubeflow-images-public/tensorflow-1.7.0-notebook-gpu:v20180630-6c2c69b2
- gcr.io/kubeflow-images-public/tensorflow-1.7.0-notebook-gpu:v20180703-8fdf3652
### 2019-05-22 09:47:27 Update:

- gcr.io/kubeflow-images-public/jupyter-web-app:v-latest-base-eebcb1-1130901789525151744
### 2019-05-22 11:38:12 Update:

- gcr.io/kubeflow-images-public/tensorflow-1.5.1-notebook-gpu:v20180804-8078114f
### 2019-05-22 12:28:47 Update:

- gcr.io/kubeflow-images-public/tensorflow-1.10.1-notebook-cpu:v-base-9347a5f-1113854304109727744
### 2019-05-22 14:19:58 Update:

- gcr.io/kubeflow-images-public/tensorflow-1.5.1-notebook-cpu:v-base-a276fea-1121488657383952384
- gcr.io/kubeflow-images-public/tensorflow-1.4.1-notebook-gpu:v20180913-734d593b
- gcr.io/kubeflow-images-public/tensorflow-1.5.1-notebook-cpu:v-base-9625cde-1115864644263612425
- gcr.io/kubeflow-images-public/tensorflow-1.4.1-notebook-gpu:v20180909-ea09d949
- gcr.io/kubeflow-images-public/tensorflow-1.4.1-notebook-gpu:v20180713-7ccca0ab
- gcr.io/kubeflow-images-public/tensorflow-1.4.1-notebook-gpu:v20180914-54dc9852
- gcr.io/kubeflow-images-public/tensorflow-1.4.1-notebook-gpu:v20180911-38b7da4c
- gcr.io/kubeflow-images-public/tensorflow-1.4.1-notebook-gpu:v20180825-106e2672
- gcr.io/kubeflow-images-public/tensorflow-1.4.1-notebook-gpu:v20180913-982bc22e
### 2019-05-22 16:11:02 Update:

- gcr.io/kubeflow-images-public/pytorch-operator:v0.5.0-10-g1afb045
### 2019-05-22 18:12:57 Update:

- gcr.io/istio-release/citadel:release-1.1-20190522-09-15
- gcr.io/istio-release/citadel:master-20190522-09-15
- gcr.io/istio-release/proxy_init:master-20190522-09-15
- gcr.io/istio-release/servicegraph_debug:release-1.0-20190522-09-15
- gcr.io/istio-release/citadel:release-1.0-20190522-09-15
- gcr.io/istio-release/pilot:release-1.0-20190522-09-15
- gcr.io/istio-release/pilot:release-1.1-20190522-09-15
- gcr.io/istio-release/pilot:master-20190522-09-15
- gcr.io/istio-release/node-agent-k8s:master-20190522-09-15
- gcr.io/istio-release/proxy_init:release-1.0-20190522-09-15
- gcr.io/istio-release/node-agent-k8s:release-1.1-20190522-09-15
- gcr.io/istio-release/proxy_init:release-1.1-20190522-09-15
- gcr.io/istio-release/install-cni:master-20190522-09-15
- gcr.io/istio-release/install-cni:release-1.1-20190522-09-15
- gcr.io/istio-release/node-agent:release-1.0-20190522-09-15
- gcr.io/istio-release/servicegraph:release-1.0-20190522-09-15
- gcr.io/istio-release/servicegraph:release-1.1-20190522-09-15
- gcr.io/istio-release/citadel-test:release-1.0-20190522-09-15
- gcr.io/istio-release/app:master-20190522-09-15
- gcr.io/istio-release/app:release-1.0-20190522-09-15
- gcr.io/istio-release/proxy_debug:release-1.0-20190522-09-15
- gcr.io/istio-release/app:release-1.1-20190522-09-15
- gcr.io/istio-release/proxy_debug:release-1.1-20190522-09-15
- gcr.io/istio-release/proxyv2:master-20190522-09-15
- gcr.io/istio-release/proxyv2:release-1.0-20190522-09-15
- gcr.io/istio-release/proxy_debug:master-20190522-09-15
- gcr.io/istio-release/test_policybackend:master-20190522-09-15
- gcr.io/istio-release/test_policybackend:release-1.0-20190522-09-15
- gcr.io/istio-release/proxyv2:release-1.1-20190522-09-15
- gcr.io/istio-release/test_policybackend:release-1.1-20190522-09-15
- gcr.io/istio-release/sidecar_injector:release-1.0-20190522-09-15
- gcr.io/istio-release/sidecar_injector:master-20190522-09-15
- gcr.io/istio-release/mixer_codegen:master-20190522-09-15
- gcr.io/istio-release/mixer_codegen:release-1.1-20190522-09-15
- gcr.io/istio-release/sidecar_injector:release-1.1-20190522-09-15
- gcr.io/istio-release/mixer_debug:release-1.0-20190522-09-15
- gcr.io/istio-release/kubectl:master-20190522-09-15
- gcr.io/istio-release/galley:master-20190522-09-15
- gcr.io/istio-release/kubectl:release-1.1-20190522-09-15
- gcr.io/istio-release/galley:release-1.0-20190522-09-15
- gcr.io/istio-release/galley:release-1.1-20190522-09-15
- gcr.io/istio-release/mixer:master-20190522-09-15
- gcr.io/istio-release/mixer:release-1.0-20190522-09-15
- gcr.io/istio-release/mixer:release-1.1-20190522-09-15
- gcr.io/istio-release/proxytproxy:master-20190522-09-15
- gcr.io/istio-release/node-agent-test:release-1.0-20190522-09-15
- gcr.io/istio-release/proxytproxy:release-1.1-20190522-09-15
