### 2019-03-24 00:02:34 Update:

- gcr.io/kubeflow-images-public/tensorflow-1.10.1-notebook-gpu:v-base-8411c8b-885
### 2019-03-24 03:54:17 Update:

- gcr.io/kubeflow-images-public/tensorflow-1.4.1-notebook-gpu:v20180814-bdb97751
- gcr.io/kubeflow-images-public/tensorflow-1.4.1-notebook-gpu:v20180818-af0a2dc7
- gcr.io/kubeflow-images-public/tensorflow-1.4.1-notebook-gpu:v20180820-6899f628
- gcr.io/kubeflow-images-public/tensorflow-1.4.1-notebook-gpu:v20180819-6899f628
- gcr.io/kubeflow-images-public/tensorflow-1.4.1-notebook-gpu:v20180821-7c5f05b3
- gcr.io/kubeflow-images-public/tensorflow-1.4.1-notebook-gpu:v20180810-9eeb9e65
- gcr.io/kubeflow-images-public/tensorflow-1.4.1-notebook-gpu:v20180813-cbc1c068
- gcr.io/kubeflow-images-public/tensorflow-1.4.1-notebook-gpu:v20180813-f4c48937
- gcr.io/kubeflow-images-public/tensorflow-1.4.1-notebook-gpu:v20180817-c18d4c75
- gcr.io/kubeflow-images-public/tensorflow-1.4.1-notebook-gpu:v20180808-e5cdc91f
### 2019-03-24 06:55:32 Update:

- gcr.io/kubeflow-images-public/tensorflow-1.5.1-notebook-cpu:v20180614-f6377404
- gcr.io/kubeflow-images-public/tensorflow-1.5.1-notebook-cpu:v20180619-c79194b3
- gcr.io/kubeflow-images-public/tensorflow-1.5.1-notebook-cpu:v20180705-1045-pr1131-HEAD-1824
- gcr.io/kubeflow-images-public/tensorflow-1.5.1-notebook-cpu:v20180711-4c0b6a5a
- gcr.io/kubeflow-images-public/tensorflow-1.5.1-notebook-cpu:v20180709-5a11c84d
- gcr.io/kubeflow-images-public/tensorflow-1.5.1-notebook-cpu:v20180711-a1ec7314
- gcr.io/kubeflow-images-public/tensorflow-1.5.1-notebook-cpu:v20180706-0725-pr1136-fce4
- gcr.io/kubeflow-images-public/tensorflow-1.5.1-notebook-cpu:v20180618-c79194b3
- gcr.io/kubeflow-images-public/tensorflow-1.5.1-notebook-cpu:v20180627-27539c57
- gcr.io/kubeflow-images-public/tensorflow-1.5.1-notebook-cpu:v20180630-6c2c69b2
- gcr.io/kubeflow-images-public/tensorflow-1.5.1-notebook-cpu:v20180703-8fdf3652
### 2019-03-24 10:57:18 Update:

- gcr.io/kubeflow-images-public/tf-model-server-gpu:v20180817-c18d4c75
- gcr.io/kubeflow-images-public/tensorflow-1.10.1-notebook-cpu:v-base-667d618-1171
- gcr.io/kubeflow-images-public/tensorflow-1.10.1-notebook-cpu:v-base-e8af8e5-1257
- gcr.io/kubeflow-images-public/tensorflow-1.10.1-notebook-cpu:v-base-b1ed075-1121
- gcr.io/kubeflow-images-public/tensorflow-1.10.1-notebook-cpu:v-base-d635ca8-1180
- gcr.io/kubeflow-images-public/tensorflow-1.10.1-notebook-cpu:v-base-a25790d-1229
- gcr.io/kubeflow-images-public/tensorflow-1.10.1-notebook-cpu:v-base-52cbb4c-1258
### 2019-03-24 13:58:35 Update:

- gcr.io/kubeflow-images-public/tensorflow-1.10.1-notebook-cpu:v-base-a25790d-1229
### 2019-03-24 18:00:24 Update:

- gcr.io/kubeflow-images-public/tensorflow-1.7.0-notebook-cpu:v-base-3a29c8b-1112
### 2019-03-24 18:19:37 Update:

- gcr.io/istio-release/mixer_codegen:release-1.1-20190324-09-16
- gcr.io/istio-release/mixer_codegen:master-20190324-09-16
- gcr.io/istio-release/citadel:release-1.0-20190324-09-16
- gcr.io/istio-release/citadel-test:release-1.0-20190324-09-16
- gcr.io/istio-release/install-cni:master-20190324-09-16
- gcr.io/istio-release/mixer:master-20190324-09-16
- gcr.io/istio-release/citadel:release-1.1-20190324-09-16
- gcr.io/istio-release/citadel:master-20190324-09-16
- gcr.io/istio-release/kubectl:release-1.1-20190324-09-16
- gcr.io/istio-release/kubectl:master-20190324-09-16
- gcr.io/istio-release/mixer:release-1.0-20190324-09-16
- gcr.io/istio-release/mixer:release-1.1-20190324-09-16
- gcr.io/istio-release/mixer_debug:release-1.0-20190324-09-16
- gcr.io/istio-release/proxy_init:master-20190324-09-16
- gcr.io/istio-release/proxy_init:release-1.0-20190324-09-16
- gcr.io/istio-release/node-agent:release-1.0-20190324-09-16
- gcr.io/istio-release/proxy_init:release-1.1-20190324-09-16
- gcr.io/istio-release/app:master-20190324-09-16
- gcr.io/istio-release/app:release-1.0-20190324-09-16
- gcr.io/istio-release/app:release-1.1-20190324-09-16
- gcr.io/istio-release/proxytproxy:master-20190324-09-16
- gcr.io/istio-release/galley:master-20190324-09-16
- gcr.io/istio-release/proxytproxy:release-1.1-20190324-09-16
- gcr.io/istio-release/galley:release-1.0-20190324-09-16
- gcr.io/istio-release/galley:release-1.1-20190324-09-16
- gcr.io/istio-release/sidecar_injector:master-20190324-09-16
- gcr.io/istio-release/node-agent-k8s:master-20190324-09-16
- gcr.io/istio-release/node-agent-k8s:release-1.1-20190324-09-16
- gcr.io/istio-release/sidecar_injector:release-1.1-20190324-09-16
- gcr.io/istio-release/sidecar_injector:release-1.0-20190324-09-16
- gcr.io/istio-release/servicegraph:master-20190324-09-16
- gcr.io/istio-release/servicegraph:release-1.0-20190324-09-16
- gcr.io/istio-release/servicegraph:release-1.1-20190324-09-16
- gcr.io/istio-release/servicegraph_debug:release-1.0-20190324-09-16
- gcr.io/istio-release/pilot:master-20190324-09-16
- gcr.io/istio-release/pilot:release-1.0-20190324-09-16
- gcr.io/istio-release/pilot:release-1.1-20190324-09-16
- gcr.io/istio-release/proxy_debug:master-20190324-09-16
- gcr.io/istio-release/node-agent-test:release-1.0-20190324-09-16
- gcr.io/istio-release/test_policybackend:master-20190324-09-16
- gcr.io/istio-release/test_policybackend:release-1.0-20190324-09-16
- gcr.io/istio-release/proxy_debug:release-1.0-20190324-09-16
- gcr.io/istio-release/test_policybackend:release-1.1-20190324-09-16
- gcr.io/istio-release/proxyv2:master-20190324-09-16
- gcr.io/istio-release/proxyv2:release-1.0-20190324-09-16
- gcr.io/istio-release/proxyv2:release-1.1-20190324-09-16
- gcr.io/istio-release/proxy_debug:release-1.1-20190324-09-16
### 2019-03-24 19:08:08 Update:

- gcr.io/kubernetes-helm/tiller:v2.13.1
- gcr.io/kubernetes-helm/tiller:v2.13.1-rc.1
### 2019-03-24 20:53:33 Update:

- gcr.io/kubeflow-images-public/tensorflow-1.12.0-notebook-gpu:v-base-97b94c0-1202
### 2019-03-24 21:44:01 Update:

- gcr.io/kubeflow-images-public/tensorflow-1.6.0-notebook-gpu:v20180612-f7a68336
- gcr.io/kubeflow-images-public/tensorflow-1.6.0-notebook-gpu:v20180609-3e8f3874
- gcr.io/kubeflow-images-public/tensorflow-1.6.0-notebook-gpu:v20180610-07630550
